00110001101110010010000000111100101100111110101010110101010111110011010011110000000100100111011000110100001100000100000001010100000110
00011000110111001001000000011110010110011111010101011010101011111001101001111000000010010011101100011000100100000011000010000000110001
10001100011011100100100000001111001011001111101010101101010101111100110100111100000001001001110110001010100001111000010000000000110100
11000110001101110010010000000111100101100111110101010110101010111110011010011110000000100100111011000000010011011100011000011000100010
01100011000110111001001000000011110010110011111010101011010101011111001101001111000000010010011101100100000001111101000001000001000111
00110001100011011100100100000001111001011001111101010101101010101111100110100111100000001001001110110011001101010101000000011010001010
00011000110001101110010010000000111100101100111110101010110101010111110011010011110000000100100111011000100100001010010000011000100101
10001100011000110111001001000000011110010110011111010101011010101011111001101001111000000010010011101010100010101100000101100000010100
11000110001100011011100100100000001111001011001111101010101101010101111100110100111100000001001001110001010010010110100011011001100000
01100011000110001101110010010000000111100101100111110101010110101010111110011010011110000000100100111000001000000010001001000100110110
10110001100011000110111001001000000011110010110011111010101011010101011111001101001111000000010010011100001101000000100110100000011100
11011000110001100011011100100100000001111001011001111101010101101010101111100110100111100000001001001000100101001000001110000001100000
11101100011000110001101110010010000000111100101100111110101010110101010111110011010011110000000100100000110000001101000101000010000010
01110110001100011000110111001001000000011110010110011111010101011010101011111001101001111000000010010000010000010100110000110010000000
00111011000110001100011011100100100000001111001011001111101010101101010101111100110100111100000001001100000001110000010000111110101001
10011101100011000110001101110010010000000111100101100111110101010110101010111110011010011110000000100100111101100000100010101000000011
01001110110001100011000110111001001000000011110010110011111010101011010101011111001101001111000000010001110101011000100000000101000100
00100111011000110001100011011100100100000001111001011001111101010101101010101111100110100111100000001000011001011101000000101010000000
10010011101100011000110001101110010010000000111100101100111110101010110101010111110011010011110000000000001101000110000010100000010000
01001001110110001100011000110111001001000000011110010110011111010101011010101011111001101001111000000000101100000010100100000000001110
00100100111011000110001100011011100100100000001111001011001111101010101101010101111100110100111100000000010101100001100100000100000111
00010010011101100011000110001101110010010000000111100101100111110101010110101010111110011010011110000100000000111001101010000011000100
00001001001110110001100011000110111001001000000011110010110011111010101011010101011111001101001111000101001011001100100000100000100101
00000100100111011000110001100011011100100100000001111001011001111101010101101010101111100110100111100010000100100110110001100100000000
00000010010011101100011000110001101110010010000000111100101100111110101010110101010111110011010011110000000001101010010001000000110001
00000001001001110110001100011000110111001001000000011110010110011111010101011010101011111001101001111001100010001111100001010001100001
10000000100100111011000110001100011011100100100000001111001011001111101010101101010101111100110100111000000111001110000001000000110000
11000000010010011101100011000110001101110010010000000111100101100111110101010110101010111110011010011000000001000110001000101010001000
11100000001001001110110001100011000110111001001000000011110010110011111010101011010101011111001101001010000010000010000000111110010000
11110000000100100111011000110001100011011100100100000001111001011001111101010101101010101111100110100000000001101000100111000001001000
01111000000010010011101100011000110001101110010010000000111100101100111110101010110101010111110011010011100000000100000110000000001110
00111100000001001001110110001100011000110111001001000000011110010110011111010101011010101011111001101000110011100010001011000000000000
10011110000000100100111011000110001100011011100100100000001111001011001111101010101101010101111100110001110000001000001111100011000000
01001111000000010010011101100011000110001101110010010000000111100101100111110101010110101010111110011000111001000100000100101000010100
10100111100000001001001110110001100011000110111001001000000011110010110011111010101011010101011111001110001100000011100100000000110000
11010011110000000100100111011000110001100011011100100100000001111001011001111101010101101010101111100100001101000000000011100101001000
01101001111000000010010011101100011000110001101110010010000000111100101100111110101010110101010111110000101101010000100001100011000100
00110100111100000001001001110110001100011000110111001001000000011110010110011111010101011010101011111000010101100000000001110110100001
10011010011110000000100100111011000110001100011011100100100000001111001011001111101010101101010101111000100001000001100001010000110100
11001101001111000000010010011101100011000110001101110010010000000111100101100111110101010110101010111010101001000000011001010000110000
11100110100111100000001001001110110001100011000110111001001000000011110010110011111010101011010101011000010110001000110100100000100110
11110011010011110000000100100111011000110001100011011100100100000001111001011001111101010101101010101001001010011100110011000100000100
11111001101001111000000010010011101100011000110001101110010010000000111100101100111110101010110101010101001101001110100000010010000000
01111100110100111100000001001001110110001100011000110111001001000000011110010110011111010101011010101100010101001111001001110000010000
10111110011010011110000000100100111011000110001100011011100100100000001111001011001111101010101101010010110000000110110010000001100000
01011111001101001111000000010010011101100011000110001101110010010000000111100101100111110101010110101010101001010010000011000001100100
10101111100110100111100000001001001110110001100011000110111001001000000011110010110011111010101011010001111100001000000000000001000110
01010111110011010011110000000100100111011000110001100011011100100100000001111001011001111101010101101000011100000100001001010000011000
10101011111001101001111000000010010011101100011000110001101110010010000000111100101100111110101010110000101101001010100101000110011000
01010101111100110100111100000001001001110110001100011000110111001001000000011110010110011111010101011000011101001100000110000000001000
10101010111110011010011110000000100100111011000110001100011011100100100000001111001011001111101010101010100111000110100100001000000100
11010101011111001101001111000000010010011101100011000110001101110010010000000111100101100111110101010010001001000010000110100001100100
01101010101111100110100111100000001001001110110001100011000110111001001000000011110010110011111010101100100100111000001000101000001010
10110101010111110011010011110000000100100111011000110001100011011100100100000001111001011001111101010000011000001100100010100110000000
01011010101011111001101001111000000010010011101100011000110001101110010010000000111100101100111110101000100110011100100111100000010000
10101101010101111100110100111100000001001001110110001100011000110111001001000000011110010110011111010010101000001110100000000000001100
01010110101010111110011010011110000000100100111011000110001100011011100100100000001111001011001111101000010100001110001001010000000101
10101011010101011111001101001111000000010010011101100011000110001101110010010000000111100101100111110000101000010100000101100001000010
01010101101010101111100110100111100000001001001110110001100011000110111001001000000011110010110011111110001100111010010001010010000000
10101010110101010111110011010011110000000100100111011000110001100011011100100100000001111001011001111111000111000100001001110000000100
11010101011010101011111001101001111000000010010011101100011000110001101110010010000000111100101100111000011000001010000111100000000101
11101010101101010101111100110100111100000001001001110110001100011000110111001001000000011110010110011000100100100100001100000101000011
11110101010110101010111110011010011110000000100100111011000110001100011011100100100000001111001011001100010011101010000100011000010000
11111010101011010101011111001101001111000000010010011101100011000110001101110010010000000111100101100100000110000100001101110001100100
01111101010101101010101111100110100111100000001001001110110001100011000110111001001000000011110010110110001000001010001111100000110000
00111110101010110101010111110011010011110000000100100111011000110001100011011100100100000001111001011100010101001100010010100100101000
10011111010101011010101011111001101001111000000010010011101100011000110001101110010010000000111100101000111001000111000110101000001100
11001111101010101101010101111100110100111100000001001001110110001100011000110111001001000000011110010010101101101011110000100000100000
01100111110101010110101010111110011010011110000000100100111011000110001100011011100100100000001111001001011110000100001100000011000000
10110011111010101011010101011111001101001111000000010010011101100011000110001101110010010000000111100000001101011001000011101001001001
01011001111101010101101010101111100110100111100000001001001110110001100011000110111001001000000011110000101101010100100101011100010000
00101100111110101010110101010111110011010011110000000100100111011000110001100011011100100100000001111010010110011000110001100100011000
10010110011111010101011010101011111001101001111000000010010011101100011000110001101110010010000000111110000010000100100001010001001001
11001011001111101010101101010101111100110100111100000001001001110110001100011000110111001001000000011010101000001010000000111010000001
11100101100111110101010110101010111110011010011110000000100100111011000110001100011011100100100000001000010111001100110000000000010100
11110010110011111010101011010101011111001101001111000000010010011101100011000110001101110010010000000000000101011101100110100001001000
01111001011001111101010101101010101111100110100111100000001001001110110001100011000110111001001000000100000000101110000000110001001100
00111100101100111110101010110101010111110011010011110000000100100111011000110001100011011100100100000000110100001110010000010111001111
00011110010110011111010101011010101011111001101001111000000010010011101100011000110001101110010010000100110000010100000010100010011001
00001111001011001111101010101101010101111100110100111100000001001001110110001100011000110111001001000101111001000010001100000000001000
00000111100101100111110101010110101010111110011010011110000000100100111011000110001100011011100100100000011101001000001001100000010100
00000011110010110011111010101011010101011111001101001111000000010010011101100011000110001101110010010010001100001100010100001011100000
00000001111001011001111101010101101010101111100110100111100000001001001110110001100011000110111001001000001100010100001000110001000101
10000000111100101100111110101010110101010111110011010011110000000100100111011000110001100011011100100000000100101011000101000000001100
01000000011110010110011111010101011010101011111001101001111000000010010011101100011000110001101110010100000011000100100100110110010000
00100000001111001011001111101010101101010101111100110100111100000001001001110110001100011000110111001000000001100010001100101111001010
10010000000111100101100111110101010110101010111110011010011110000000100100111011000110001100011011100000000000001000011011100100010111
01001000000011110010110011111010101011010101011111001101001111000000010010011101100011000110001101110010100001001100010000101000110100
00100100000001111001011001111101010101101010101111100110100111100000001001001110110001100011000110111010000001011100000101100000001100
10010010000000111100101100111110101010110101010111110011010011110000000100100111011000110001100011011001000001011100100010001011000001
11001001000000011110010110011111010101011010101011111001101001111000000010010011101100011000110001101000101010010110110001001010100100
11100100100000001111001011001111101010101101010101111100110100111100000001001001110110001100011000110000010100100010000001100110010001
01110010010000000111100101100111110101010110101010111110011010011110000000100100111011000110001100011100000011000000001000111000001100
10111001001000000011110010110011111010101011010101011111001101001111000000010010011101100011000110001000101000000000100000011110010010
11011100100100000001111001011001111101010101101010101111100110100111100000001001001110110001100011000010100100100000110110100000001000
01101110010010000000111100101100111110101010110101010111110011010011110000000100100111011000110001100000110011100000000001001010010001
00110111001001000000011110010110011111010101011010101011111001101001111000000010010011101100011000110100011000000000000011000100110111
00011011100100100000001111001011001111101010101101010101111100110100111100000001001001110110001100011000100100101001001110100000011000
10001101110010010000000111100101100111110101010110101010111110011010011110000000100100111011000110001100010110100100000000101011001010
11000110111001001000000011110010110011111010101011010101011111001101001111000000010010011101100011000000010110100010001000100001011100
01100011011100100100000001111001011001111101010101101010101111100110100111100000001001001110110001100000001000001000100001100110001001
10001000001000110000011000000000001100000011000000001000001100111100000010001011000010000000100010100001001011110011011110110101010011
00100101000000000000000100001010001000010000110000110001001100001001000111000000010000011000001000000000001111100101101011011111111111
00000100100000001000001001000010100000000110001000000000000100000000100000000001000000000100000000000100101000111110111101001011111111
01100011000110011001000001000011110010110000111010101011010001000011001001000111000000010010011101000001001010111111010110010101010011
00010000100011011100100000000001110001001001101101000100100010100110100100100111100000000001000110110000001010100001101011011111111110
10000100011000010111001000000000011110010110011111010101011010001011111001000001111000000010010010001111110000001001110101101101111001
11000110001100011011100100100000001111001011001111101010101101010101111100110100111100000001001001110010000001010100011000000010011111
00010001100000000000001001101001000000001100000000100010000100110000100110100000000010000010100100110110110001011011010110010110101111
00111100001100111110101010110101010111110011010011110000000100100111011000110001100011011100100100000110000110111001001110000000011000
00101001000000110000110110000101000001000000000000001000001001100001000000001000000101000001001101110111110001000001111101101101111001
00111100100001101100010000000000000010000100010000001010011000000000011100010010001000001110000000000101100111000000111110110110101111
00111011000110001100011011100100100000001111001011001111101010101101010101111100110100111100000001001001101011000011000110101010000100
10011101100011000110001101110010010000000111100101100111110101010110101010111110011010011110000000100011100100000001011101001101010001
01000010110000000011000111111001001000000011110010110001101010101011000001001101000101000011000000010101100010001000111110010110101111
01001100000010000100110001000000001000100001000000000000000000000011010000010000000100000000000001000110111011101100010111011101010011
00000000101001011001111101000100001010101110100010100111000000000001001110110000000010000110011000001011011000110010000011111111111110
00110010000001100000000110000000000000011100100000000000001000000101000100100100010000110010001000000101101110110111000101101011010111
00010000010100000000010000010001100000010001000100001000100101011000100000000001101001100000100001010111010101110110000011011111111110
00000001001110000001100000000110111000001000000011110010010011111010101000010001010111001000001001000101101011111111010001101110101100
01000000101100010010010000000111100100000100110001010110000010001110010000010010000000100100001011000110110011011011101000000111111110
10001001110010000000000111100101100111110101010110000010111110011000011110000000100100101011000110001011011000100101111100000011111111
00000001001001110110001100011000110111001001000000011110010110011111010101011010101011111001101001111100001000111000110100001110110010
10010110100001100000000001001000000001110011000100000000101100110000001011001100001010000000110000000110110010010011101000000111111110
00010110100000110100000000011000010000000000000000101000000000100010011001000000010001010110110100100011011000101101111100100011111111
10000000010000101000100100001000000101000100000010000100000001000100001100000100000011100001010010001110111010110111101110110001111001
00000100000011100100010000011000100011000010000010000100001000000000100001000110010011000111010100101011010110011010111111111000101011
00001000100100001000010001000100100110000000111000010000010001010000110010011100011001000100000000110111111000100101111011011100000010
01110010110100100000001011100000001001111000110000010000000000011101000000000000010000010010000010000011011010110010101111111110000101
01100001011000000010000010101000011000110001000110000010000000101000001100100010100010110001010111010111111101100101111011111100000010
00000100001000100001000000010110000100000000000111001001000000000110010110011111000101001000101001111011011111110010101111011110000101
10101011011000001001111000000010010010101100011000110001100110010010000000101100101100111010100010010011010110011010111111011000101011
10011100010010010001100000000010000000001000001000001000010001000000000000000100000001100000010010100111110110010011111011111011010100
01001010000000110000101011000000000001000000000000000000100011000000010011000110001000100101000110001111101110110111010001001110101100
